-0.00015
-0.00015
-0.00021
-0.00018
-0.00012
-0.00015
-0.00018
-0.00015
-0.00015
-0.00015
-0.00015
-0.00009
-0.00006
-0.00024
-0.00024
-0.00021
-0.00031
-0.00031
-0.00015
-0.00012
-0.00012
-0.00003
-0.00018
-0.00024
-0.00018
-0.00027
-0.00031
-0.00015
-0.00018
-0.00024
-0.00009
-0.00012
-0.00024
-0.00015
-0.00021
-0.00040
-0.00027
-0.00018
-0.00021
-0.00015
-0.00012
-0.00018
-0.00021
-0.00021
-0.00024
-0.00031
-0.00021
-0.00021
-0.00027
-0.00027
-0.00024
-0.00027
-0.00021
-0.00018
-0.00012
-0.00024
-0.00043
-0.00021
-0.00027
-0.00037
-0.00012
-0.00021
-0.00034
-0.00012
-0.00009
-0.00021
-0.00024
-0.00024
-0.00027
-0.00034
-0.00031
-0.00015
-0.00024
-0.00031
-0.00018
-0.00027
-0.00037
-0.00024
-0.00024
-0.00031
-0.00024
-0.00027
-0.00034
-0.00024
-0.00015
-0.00031
-0.00034
-0.00021
-0.00031
-0.00037
-0.00024
-0.00027
-0.00031
-0.00024
-0.00024
-0.00027
-0.00027
-0.00031
-0.00031
-0.00031
-0.00031
-0.00031
-0.00034
-0.00021
-0.00018
-0.00034
-0.00031
-0.00021
-0.00027
-0.00021
-0.00015
-0.00027
-0.00034
-0.00034
-0.00043
-0.00040
-0.00027
-0.00027
-0.00024
-0.00018
-0.00021
-0.00027
-0.00031
-0.00031
-0.00034
-0.00037
-0.00031
-0.00027
-0.00031
-0.00024
-0.00024
-0.00027
-0.00031
-0.00031
-0.00031
-0.00021
-0.00024
-0.00031
-0.00037
-0.00034
-0.00031
-0.00037
-0.00031
-0.00027
-0.00031
-0.00031
-0.00027
-0.00027
-0.00024
-0.00021
-0.00024
-0.00021
-0.00021
-0.00037
-0.00040
-0.00034
-0.00034
-0.00040
-0.00031
-0.00021
-0.00027
-0.00024
-0.00027
-0.00037
-0.00037
-0.00037
-0.00034
-0.00018
-0.00021
-0.00027
-0.00034
-0.00018
-0.00049
0.00000
-0.00085
0.00043
-0.00125
0.00073
-0.00165
0.00137
-0.00241
0.00272
-0.04919
-0.21854
-0.10800
0.01324
0.02191
0.20285
0.25110
0.03366
-0.04004
-0.01740
-0.08255
-0.04889
-0.01523
-0.02759
0.02234
0.04218
-0.03162
-0.00229
0.05426
-0.00504
-0.00598
0.05560
-0.00940
-0.03943
0.01663
-0.00729
-0.01208
0.01862
-0.01028
-0.02090
0.01697
0.00592
-0.01538
0.00854
0.00900
-0.01523
0.00043
0.01727
0.00946
0.00354
0.00787
0.00119
-0.00885
-0.00616
-0.00235
-0.00424
-0.00128
0.00165
-0.00519
-0.00421
0.00366
0.00269
-0.00015
0.00848
0.00897
-0.00293
-0.00134
0.00394
-0.00290
-0.00555
-0.00046
-0.00018
-0.00360
-0.00195
0.00031
-0.00073
0.00052
0.00000
-0.00137
0.00000
0.00095
-0.00116
0.00015
0.00369
0.00137
-0.00302
-0.00211
-0.00253
-0.00616
-0.00439
-0.00092
-0.00064
-0.00116
-0.00082
-0.00079
0.00003
0.00085
0.00021
0.00018
0.00107
-0.00073
-0.00201
-0.00119
-0.00128
-0.00223
-0.00146
-0.00134
-0.00293
-0.00354
-0.00278
-0.00250
-0.00162
-0.00024
0.00058
0.00082
0.00009
-0.00085
-0.00070
-0.00009
-0.00015
0.00021
0.00107
0.00046
-0.00153
-0.00220
-0.00198
-0.00278
-0.00360
-0.00308
-0.00244
-0.00201
-0.00052
0.00125
0.00174
0.00140
0.00073
-0.00055
-0.00192
-0.00250
-0.00262
-0.00204
-0.00128
-0.00146
-0.00159
-0.00110
-0.00110
-0.00131
-0.00064
0.00003
-0.00012
-0.00027
0.00037
0.00092
0.00079
0.00076
0.00079
0.00031
-0.00052
-0.00104
-0.00110
-0.00110
-0.00134
-0.00174
-0.00159
-0.00107
-0.00089
-0.00046
0.00043
0.00082
0.00049
0.00040
0.00061
0.00037
-0.00009
-0.00027
-0.00037
-0.00055
-0.00085
-0.00082
-0.00070
-0.00085
-0.00070
-0.00012
0.00031
0.00067
0.00104
0.00113
0.00104
0.00064
0.00018
0.00006
-0.00018
-0.00076
-0.00082
-0.00064
-0.00049
-0.00046
-0.00046
-0.00024
-0.00015
-0.00034
-0.00015
0.00031
0.00037
0.00037
0.00034
0.00043
0.00031
0.00027
0.00046
0.00000
0.00000
0.00000
0.00000
0.00000
0.00000
0.00000
0.00000
0.00000
0.00000
0.00000
0.00000
0.00000
0.00000
0.00000
0.00000
0.00000
0.00000
0.00000
0.00000
0.00000
0.00000
0.00000
0.00000
0.00000
0.00000
0.00000
0.00000
0.00000
0.00000
0.00000
0.00000
0.00000
0.00000
0.00000
0.00000
0.00000
0.00000
0.00000
0.00000
0.00000
0.00000
0.00000
0.00000
0.00000
0.00000
0.00000
0.00000
0.00000
0.00000
0.00000
0.00000
0.00000
0.00000
0.00000
0.00000
0.00000
0.00000
0.00000
0.00000
0.00000
0.00000
0.00000
0.00000
0.00000
0.00000
0.00000
0.00000
0.00000
0.00000
0.00000
0.00000
0.00000
0.00000
0.00000
0.00000
0.00000
0.00000
0.00000
0.00000
0.00000
0.00000
0.00000
0.00000
0.00000
0.00000
0.00000
0.00000
0.00000
0.00000
0.00000
0.00000
0.00000
0.00000
0.00000
0.00000
0.00000
0.00000
0.00000
0.00000
0.00000
0.00000
0.00000
0.00000
0.00000
0.00000
0.00000
0.00000
0.00000
0.00000
0.00000
0.00000
0.00000
0.00000
0.00000
0.00000
0.00000
0.00000
0.00000
0.00000
0.00000
0.00000
0.00000
0.00000
0.00000
0.00000
0.00000
0.00000
0.00000
0.00000
