-0.00003
0.00003
-0.00003
-0.00003
-0.00003
-0.00006
0.00000
0.00000
0.00000
0.00000
0.00000
0.00000
0.00000
0.00000
-0.00006
-0.00006
0.00000
0.00000
0.00003
0.00003
0.00000
0.00000
0.00000
-0.00003
-0.00009
0.00000
0.00000
0.00000
0.00000
0.00000
0.00000
0.00000
0.00000
0.00000
-0.00006
-0.00003
-0.00003
0.00000
0.00006
0.00003
0.00000
0.00000
0.00000
-0.00003
0.00000
0.00000
0.00000
0.00000
0.00003
0.00000
0.00000
0.00000
0.00000
0.00000
0.00003
0.00009
0.00003
0.00000
0.00000
0.00000
0.00003
0.00003
0.00000
0.00000
0.00000
0.00000
0.00000
0.00003
0.00006
0.00006
0.00006
0.00000
0.00006
0.00000
-0.00003
0.00003
0.00000
0.00003
-0.00003
0.00003
0.00006
0.00003
0.00006
0.00000
0.00003
0.00000
0.00000
0.00003
0.00000
0.00000
0.00003
0.00000
0.00006
0.00000
0.00000
0.00003
0.00000
0.00003
0.00003
0.00009
0.00006
0.00000
0.00003
0.00000
0.00000
0.00000
0.00003
0.00006
0.00003
0.00003
0.00000
0.00003
0.00006
0.00003
0.00006
0.00009
0.00006
0.00003
0.00003
0.00006
0.00000
0.00000
0.00009
0.00006
0.00006
0.00003
0.00003
0.00003
0.00009
0.00006
0.00003
0.00003
0.00003
0.00003
0.00006
0.00009
0.00009
0.00006
0.00003
0.00000
0.00000
0.00000
0.00003
0.00006
0.00012
0.00006
0.00009
0.00009
0.00000
0.00000
0.00000
0.00000
0.00006
0.00006
0.00003
0.00009
0.00006
0.00000
0.00006
0.00009
0.00003
0.00000
0.00006
0.00006
0.00006
0.00006
0.00009
0.00012
0.00000
0.00000
0.00006
0.00006
0.00000
0.00000
0.00006
0.00003
0.00000
0.00003
0.00006
0.00009
0.00003
0.00006
0.00000
0.00003
0.00006
0.00000
0.00000
0.00006
0.00009
0.00006
0.00000
0.00021
-0.00027
0.00043
-0.00058
0.00107
-0.00137
-0.00061
-0.03534
-0.03635
-0.01974
-0.04187
0.01251
0.04794
0.05124
0.02664
0.00220
0.00217
-0.00342
-0.00925
-0.01923
-0.00653
0.00812
-0.00037
-0.00314
0.00574
-0.00024
-0.00433
0.00192
0.00076
0.00055
0.00259
-0.00073
0.00125
0.00565
0.00385
-0.00061
0.00287
0.00461
0.00137
0.00150
0.00162
-0.00037
-0.00146
0.00189
0.00351
0.00296
0.00262
0.00217
0.00000
0.00034
0.00055
0.00009
0.00021
0.00089
0.00000
-0.00018
0.00128
0.00150
0.00043
0.00119
0.00183
0.00189
0.00150
0.00143
0.00259
0.00137
0.00018
0.00143
0.00052
-0.00232
-0.00140
-0.00021
-0.00079
-0.00003
0.00018
0.00046
0.00128
0.00186
0.00037
0.00052
0.00116
-0.00031
-0.00043
0.00012
-0.00018
-0.00043
-0.00034
-0.00031
-0.00076
-0.00064
-0.00095
-0.00092
-0.00031
-0.00043
-0.00009
0.00067
0.00064
0.00000
-0.00034
-0.00034
-0.00049
-0.00082
-0.00061
-0.00064
-0.00067
-0.00085
-0.00122
-0.00131
-0.00143
-0.00101
-0.00021
0.00009
0.00024
-0.00009
-0.00043
-0.00073
-0.00076
-0.00037
-0.00009
0.00006
0.00006
-0.00006
-0.00061
-0.00137
-0.00171
-0.00159
-0.00137
-0.00122
-0.00095
-0.00052
-0.00031
-0.00003
0.00015
0.00015
-0.00018
-0.00076
-0.00082
-0.00061
-0.00070
-0.00101
-0.00107
-0.00085
-0.00061
-0.00061
-0.00064
-0.00082
-0.00104
-0.00070
0.00000
0.00037
0.00021
0.00000
-0.00003
-0.00006
-0.00027
-0.00043
-0.00040
-0.00046
-0.00067
-0.00061
-0.00049
-0.00076
-0.00101
-0.00070
-0.00021
-0.00003
0.00000
0.00012
0.00015
0.00009
0.00003
0.00000
-0.00006
-0.00034
-0.00037
-0.00021
-0.00024
-0.00037
-0.00049
-0.00046
-0.00024
-0.00003
0.00012
0.00015
0.00006
0.00006
0.00024
0.00037
0.00027
0.00006
-0.00021
-0.00043
-0.00043
-0.00031
-0.00009
0.00000
-0.00003
-0.00009
-0.00012
0.00000
0.00000
0.00000
0.00000
0.00000
0.00000
0.00000
0.00000
0.00000
0.00000
0.00000
0.00000
0.00000
0.00000
0.00000
0.00000
0.00000
0.00000
0.00000
0.00000
0.00000
0.00000
0.00000
0.00000
0.00000
0.00000
0.00000
0.00000
0.00000
0.00000
0.00000
0.00000
0.00000
0.00000
0.00000
0.00000
0.00000
0.00000
0.00000
0.00000
0.00000
0.00000
0.00000
0.00000
0.00000
0.00000
0.00000
0.00000
0.00000
0.00000
0.00000
0.00000
0.00000
0.00000
0.00000
0.00000
0.00000
0.00000
0.00000
0.00000
0.00000
0.00000
0.00000
0.00000
0.00000
0.00000
0.00000
0.00000
0.00000
0.00000
0.00000
0.00000
0.00000
0.00000
0.00000
0.00000
0.00000
0.00000
0.00000
0.00000
0.00000
0.00000
0.00000
0.00000
0.00000
0.00000
0.00000
0.00000
0.00000
0.00000
0.00000
0.00000
0.00000
0.00000
0.00000
0.00000
0.00000
0.00000
0.00000
0.00000
0.00000
0.00000
0.00000
0.00000
0.00000
0.00000
0.00000
0.00000
0.00000
0.00000
0.00000
0.00000
0.00000
0.00000
0.00000
0.00000
0.00000
0.00000
0.00000
0.00000
0.00000
0.00000
