-0.00009
-0.00006
-0.00003
-0.00006
-0.00012
-0.00003
-0.00003
-0.00009
-0.00006
-0.00006
-0.00006
-0.00006
-0.00006
-0.00009
-0.00009
-0.00009
-0.00006
0.00000
0.00000
-0.00003
-0.00003
-0.00003
-0.00006
-0.00009
-0.00006
-0.00006
-0.00006
-0.00006
0.00000
-0.00006
-0.00003
-0.00003
-0.00009
0.00000
-0.00027
0.00000
0.00000
-0.00006
0.00000
-0.00006
0.00000
-0.00006
-0.00009
0.00000
0.00000
0.00000
-0.00003
-0.00003
0.00000
-0.00006
-0.00006
-0.00009
0.00000
-0.00006
0.00003
0.00000
-0.00006
0.00000
-0.00003
-0.00012
-0.00009
0.00003
-0.00003
-0.00006
0.00000
0.00006
0.00000
-0.00003
0.00003
0.00000
-0.00009
-0.00003
0.00000
0.00000
0.00003
0.00000
-0.00006
-0.00003
-0.00003
-0.00006
-0.00006
0.00003
0.00000
0.00000
0.00009
0.00003
-0.00003
-0.00003
-0.00003
0.00000
-0.00006
0.00000
0.00000
0.00000
0.00000
-0.00003
0.00000
0.00000
-0.00003
-0.00006
0.00000
0.00003
-0.00003
0.00000
0.00006
0.00003
-0.00003
0.00000
0.00000
-0.00003
-0.00003
0.00000
0.00000
0.00000
0.00000
0.00000
0.00000
0.00000
0.00000
0.00000
0.00000
0.00000
-0.00003
0.00000
0.00000
0.00000
0.00000
0.00000
0.00000
0.00000
0.00003
0.00000
0.00000
0.00000
0.00000
0.00000
-0.00003
0.00000
0.00000
0.00000
0.00006
0.00000
0.00000
0.00000
0.00000
0.00000
-0.00003
0.00000
0.00000
0.00003
0.00003
0.00003
0.00009
0.00003
-0.00003
-0.00003
0.00000
0.00000
0.00000
0.00000
0.00000
0.00006
0.00000
0.00000
0.00006
0.00000
0.00000
0.00003
0.00000
0.00000
-0.00003
0.00012
-0.00015
0.00031
-0.00055
0.00070
-0.00110
0.00143
-0.00208
0.00284
-0.00375
0.00540
-0.04562
-0.16678
-0.09418
0.01810
0.04132
0.06818
0.14380
0.11301
0.03357
-0.01663
-0.01157
-0.01892
-0.05283
-0.08237
-0.05856
0.01837
0.03720
0.03430
0.05838
0.03320
-0.01132
-0.01624
-0.00519
-0.00711
0.00311
-0.00644
-0.01620
0.00009
0.01205
-0.00369
-0.00272
0.00922
0.00226
-0.00433
0.00500
0.00250
-0.00229
0.00403
0.00800
0.00165
0.00327
0.00491
-0.00223
-0.00470
-0.00189
-0.00400
-0.00446
-0.00189
-0.00070
-0.00024
0.00458
0.00510
0.00046
0.00131
0.00687
0.00311
-0.00189
-0.00003
0.00275
-0.00119
-0.00327
-0.00159
-0.00113
-0.00272
-0.00116
0.00052
0.00259
0.00195
-0.00052
-0.00204
0.00003
0.00113
-0.00031
0.00101
0.00262
-0.00125
-0.00204
-0.00055
-0.00104
-0.00293
-0.00281
-0.00214
-0.00134
-0.00110
-0.00079
0.00104
0.00229
0.00058
-0.00037
0.00018
0.00000
-0.00034
-0.00052
-0.00116
-0.00143
-0.00165
-0.00110
-0.00134
-0.00186
-0.00189
-0.00189
-0.00116
-0.00073
0.00009
0.00018
-0.00034
0.00000
0.00043
0.00085
0.00064
0.00003
0.00027
0.00034
-0.00040
-0.00116
-0.00107
-0.00156
-0.00269
-0.00287
-0.00275
-0.00266
-0.00165
0.00076
0.00281
0.00275
0.00137
-0.00009
-0.00101
-0.00180
-0.00226
-0.00189
-0.00119
-0.00122
-0.00174
-0.00146
-0.00064
-0.00034
-0.00024
0.00052
0.00092
0.00031
-0.00024
0.00009
0.00076
0.00116
0.00104
0.00070
0.00003
-0.00058
-0.00085
-0.00085
-0.00104
-0.00189
-0.00208
-0.00104
0.00018
0.00055
0.00034
0.00024
0.00003
0.00012
0.00085
0.00143
0.00079
-0.00040
-0.00098
-0.00092
-0.00076
-0.00043
0.00003
0.00018
-0.00015
-0.00058
-0.00052
0.00015
0.00095
0.00134
0.00122
0.00076
0.00024
0.00000
0.00000
-0.00024
-0.00040
-0.00046
-0.00049
-0.00079
-0.00104
-0.00070
-0.00031
0.00000
0.00018
0.00031
0.00012
0.00000
0.00000
0.00000
0.00000
0.00000
0.00000
0.00000
0.00000
0.00000
0.00000
0.00000
0.00000
0.00000
0.00000
0.00000
0.00000
0.00000
0.00000
0.00000
0.00000
0.00000
0.00000
0.00000
0.00000
0.00000
0.00000
0.00000
0.00000
0.00000
0.00000
0.00000
0.00000
0.00000
0.00000
0.00000
0.00000
0.00000
0.00000
0.00000
0.00000
0.00000
0.00000
0.00000
0.00000
0.00000
0.00000
0.00000
0.00000
0.00000
0.00000
0.00000
0.00000
0.00000
0.00000
0.00000
0.00000
0.00000
0.00000
0.00000
0.00000
0.00000
0.00000
0.00000
0.00000
0.00000
0.00000
0.00000
0.00000
0.00000
0.00000
0.00000
0.00000
0.00000
0.00000
0.00000
0.00000
0.00000
0.00000
0.00000
0.00000
0.00000
0.00000
0.00000
0.00000
0.00000
0.00000
0.00000
0.00000
0.00000
0.00000
0.00000
0.00000
0.00000
0.00000
0.00000
0.00000
0.00000
0.00000
0.00000
0.00000
0.00000
0.00000
0.00000
0.00000
0.00000
0.00000
0.00000
0.00000
0.00000
0.00000
0.00000
0.00000
0.00000
0.00000
0.00000
0.00000
0.00000
0.00000
0.00000
0.00000
0.00000
0.00000
0.00000
0.00000
0.00000
0.00000
0.00000
0.00000
0.00000
0.00000
0.00000
0.00000
0.00000
0.00000
0.00000
0.00000
